y
42362
46951
50905
57057
63967
70951
76629
83045
89797
97966
112707
126115
140697
157094
180141
210081
236640
273411
307693
349630
399430
453211
511673
587952
652816
709648
760509
817854
859827
929444
1001897
1058627
1097112
1136841
1148404
1186345
1224967
1258950
1299739
1358776
1408159
1485303
1544629
1594259
1637438
1710760
1771978
1853267
1945670
1995850
1939017
1998481
2059284
2091059
2113687
x1
28249
30621
33486
37570
42371
46441
49708
53762
58289
63962
73285
80986
90711
101121
115214
135676
156562
181220
203839
232038
265611
304767
353644
409576
452847
492810
532064
566131
600155
636030
681091
720681
748586
781034
798629
820647
847358
876319
890294
926077
955354
1010270
1055987
1096846
1138203
1185167
1236727
1289018
1347557
1391647
1388206
1429841
1461745
1480035
1498432
x2
20140226
20174884
20168270
20152944
20304150
20522172
20585556
20744828
20803880
20751730
21066420
21351504
21452482
21584445
21885590
22088075
21916894
22099865
22297525
22430587
22581046
22684126
22658204
22714908
22688148
22568011
22515970
22623879
22824744
23050651
23453989
23668774
23724150
23573998
23328421
23448229
23685804
23822332
24011764
24437257
25032795
25670635
26037184
26160821
26161698
26195931
26378080
26667103
27042298
27167963
26858945
26874897
27061100
27090459
27042436
